101.133404
94.669475
98.641439
104.954569
104.395874
104.261312
106.729067
105.231605
112.185668
115.965949
111.175899
113.718405
108.949638
113.241489
111.372019
114.216999
125.984767
121.526389
116.148100
118.987783
118.547662
119.409846
120.420688
119.754664
121.921513
129.764095
126.052741
126.285570
131.331925
130.482746
132.476055
133.021028
133.047642
128.548570
128.203930
135.362682
140.795308
137.883338
143.170593
136.680661
142.131306
136.852327
146.113711
140.088569
142.047145
146.012518
147.087381
149.652715
145.783776
146.755586
149.060823
147.902007
148.963941
152.722277
150.811813
156.275824
157.693304
153.876300
158.865960
160.116458
163.026084
154.383526
163.005325
158.672863
160.145178
158.396542
164.824365
170.749106
167.608820
167.920560
174.154212
168.773637
174.019428
177.028975
173.694606
169.662257
175.422914
175.505576
175.367178
179.891248
179.880179
183.071842
182.450101
189.155424
190.644971
184.661553
179.680911
187.443034
187.497054
189.291516
190.864644
194.472891
192.776228
191.052042
189.968859
195.959037
198.490741
192.169760
192.673292
200.101859
